5041913
5038129
5036127
5037341
5038985
5044867
5036146
5033826
5043222
5044579
5033245
5037651
5032902
5046773
5037209
5034053
5032742
5035583
5039852
5044038
5036326
5042188
5042673
5038323
5042472
5036132
5038506
5036717
5032535
5039484
5038152
5045418
5036241
5043836
5034189
5044778
5036034
5039321
5042058
5032921
5040971
5038223
5033913
5046837
5041978
5038774
5038973
5045229
5044076
5042617
5040245
5042191
5034210
5046810
5039652
5042806
5042051
5043334
5043262
5045630
5036321
5041884
5038611
5039571
5032868
5033226
5037857
5033703
5044934
5039664
5042214
5037354
5043599
5043920
5044088
5045459
5033634
5037178
5045693
5040096
5036103
5036160
5037067
5044511
5045001
5041157
5041166
5039876
5034723
5041891
5033677
5037561
5044502
5043475
5035417
5034871
5038863
5033689
5041523
5046390
5042042
5045354
5037626
5042283
5036729
5042990
5042676
5042049
5039005
5033776
5041589
5042567
5037203
5044319
5034764
5036095
5042736
5046388
5045443
5037704
5036118
5042075
5039172
5036072
5045777
5044208
5038113
5043997
5046043
5046586
5037367
5042875
5039474
5033264
5038293
5036384
5046068
5046267
5042693
5035459
5044058
5043281
5045858
5037304
5042721
5043786
5043383
5033853
5040534
5046476
5040116
5040477
5033661
5038765
5035609
5036049
5041428
5036477
5034617
5043756
5041717
5038976
5041212
5045924
5045753
5034313
5046862
5042443
5033393
5042203
5038219
5035561
5037740
5041803
5043902
5042781
5038769
5037448
5040842
5046651
5042020
5033612
5046621
5040475
5038133
5042129
5043763
5042487
5046824
5042184
5044027
5046839
5046566
5046497
5040636
5040124
5037708
5042252
5035465
5044816
5042684
5044449
5035167
5037055
5036094
5043498
5037689
5036005
5039523
5037338
5045861
5043471
5038670
5046245
5042461
5042475
5038224
5036496
5042643
5033876
5035079
5033447
5033900
5045816
5034609
5034312
5029812
5037378
5037351
5033324
5042687
5037176
5036157
5044981
5042737
5046854
5044224
5034297
5038605
5032912
5038993
5038334
5033345
5037361
5036804
4847519
5045812
5042582
5034692
5045138
5036124
5037972
5032709
5039663
5046845
5039224
5036071
5045960
5034314
5044467
5046841
5033192
5041634
5037013
5046018
5033498
5044565
5038262
5041690
5037555
5039426
5040434
5040036
5038243
5038202
5037902
5046206
5039511
5040025
5037509
5033198
5035406
5033080
5041532
5046598
5033228
5037276
5033547
5034003
5042624
5045557
5035990
5033647
5037748
5037760
5036138
5038137
5045110
5045842
5046306
5040082
5042282
5032670
5043577
5046612
5045660
5045653
5045528
5034475
5044142
5040163
5044735
5046171
5042885
5042650
5046463
5045238
5040340
5045846
5046035
5040601
5039641
5043707
5046801
5042636
5037416
5034162
5046838
5045002
5038550
5035030
5036444
5040042
5042336
5034647
5042910
5033390
5042198
5040911
5028626
5035339
5036524
5037394
5033448
5040281
5044447
5037292
5042738
5042763
5046792
5035180
5038843
5041393
5039306
5045583
5037565
5037965
5039894
5032300
5046200
5046104
5044212
5039416
5038254
5035383
5043585
5035664
5041208
5041745
5040127
5042599
5041776
5037309
5046846
5043170
5035051
5036407
5037173
5033533
5034765
5042399
5046832
5045428
5043798
5034064
5035013
5043664
5040066
5042714
5032708
5037164
5043968
5039320
5042070
5035565
5038876
5044176
5042136
5032568
5042423
5043974
5045007
5043777
5043668
5034145
5043091
5036937
5033480
5040981
5032879
5039141
5044202
5037716
5046858
5040388
5037580
5038640
5040038
5032689
5034011
5043017
5037882
5042945
5037316
5037715
5032848
5042720
5043737
5045625
5040631
5039827
5033921
5037640
5041215
5046624
5035310
5040885
5042657
5046847
5038343
5040421
5046174
5036594
5044797
5043314
5046655
5033248
5038228
5037357
5039504
5042182
5037970
5036589
5036116
5040208
5042460
5046772
5034742
5040027
5033566
5037780
5035499
5040257
5045060
5044380
5045516
5035979
5046679
5034704
5046778
5042595
5042699
5038313
5045397
5039854
5040621
5036972
5043774
5033046
5033721
5034580
5039706
5038707
5036091
5034706
5042629
5038047
5044615
5034386
5042730
5037162
5043907
5032596
5034490
5034559
5034217
5046682
5032842
5039818
5044475
