5561590
5526871
5558852
5565191
5561468
5467719
5561243
5562824
5558381
5535266
5567178
5565081
5560353
5554627
5562396
5562926
5558420
5566651
5564619
5466685
5546660
5566522
5562944
5534969
5562138
5483019
5562621
5565859
5565937
5515092
5558309
5560549
5566197
5559013
5513681
5557207
5559291
5561316
5566759
5563429
5567280
5564200
5561738
5559224
5562220
5557042
5354440
5560699
5550857
5565895
5550588
5563747
5557205
5563331
5566565
5467079
5554161
5471431
5511824
5563068
5561172
5404326
5358477
5561742
5561948
5562662
5559704
5558368
5558689
5558774
5565753
5557908
5555366
5568050
5556817
5558660
5097479
5561041
5563712
5565251
5563310
5563412
5564026
5562227
5564499
5541410
5559822
5561841
5557915
5564489
5558677
5566760
5566488
5557970
5564781
5513680
5560969
5559487
5562704
5560878
5559770
5560451
5534839
5542876
5564171
5562440
5563795
5567221
5560316
5564355
5558847
5175802
5537152
5545146
5565158
5557285
5559318
5562041
5562994
5560608
5560626
5548464
5565777
5566238
5567538
5564103
5564083
5557441
5563541
5551450
5563199
5557535
5559665
5567014
5560864
5563558
5563790
5562073
5556861
5556911
5559242
5555086
5561696
5551397
5561807
5563888
5561033
5561840
5547853
5560023
5559037
5559192
5564709
5562830
5559678
5567393
5565144
5566036
5567384
5560884
5559118
5565601
5509164
5559674
5491595
5565141
5565450
5532407
5557308
5492294
5560688
5560256
5564091
5564556
5565453
5547811
5566836
5565779
5560221
5560580
5561862
5557748
5560701
5555591
5322157
5558849
5550938
5557357
5561725
5560888
5560319
5556645
5529595
5560300
5377358
5561880
5562436
5563333
5564150
5560593
5545644
5551261
5543971
5487686
5557919
5567171
5567338
5565455
5563617
5557377
5563073
5474124
5564544
5228919
5536581
5565476
5515721
5563501
5559088
5561399
5347789
5557786
5563703
5556930
5309838
5564738
5558848
5559864
5563061
5563266
5549226
5559932
5567533
5565654
5561435
5562723
5561499
5563723
5566303
5556753
5514067
5564437
5564089
5558249
5512480
5563936
5557038
5556628
5565727
5522537
5557917
5554589
5559667
5561988
5564552
5557272
5559542
5560142
5565808
5251319
5557951
5561260
5562623
5560312
5558033
5566898
5561945
5322158
5415537
5558182
5425176
5564105
5560602
5562021
5557649
5557278
5564576
5550948
5554421
5558489
5561188
5563392
5563367
5561867
5560679
5474789
5562758
5560205
5560310
5564645
5567211
5562554
5565025
5487677
5552175
5533098
5560979
5563685
5564714
5557494
5557676
5464406
5558230
5496718
5529616
5518137
5511342
5563498
5549270
5558166
5561634
5560902
5563514
5558788
5565311
5561016
5560627
5547470
5522703
5565642
5562957
5561195
5559756
5567511
5560921
5560395
5509484
5559894
5563423
5560989
5560984
5561392
5555953
5554845
5567890
5564104
5560017
